158,145,325,359,187,244,256,227,217,270,209,314,263,298
151,145,317,362,179,246,248,230,208,274,200,316,253,302
147,145,314,365,176,247,245,231,205,275,198,317,251,304
140,146,307,367,169,248,237,232,198,279,192,319,245,306
135,149,303,368,164,249,233,234,192,281,184,320,240,307
134,150,302,370,162,251,230,236,189,284,182,321,238,308
131,155,298,372,158,252,227,238,185,287,179,322,235,311
129,157,296,376,156,253,224,242,182,290,177,326,231,316
128,159,295,376,155,254,223,244,181,292,176,327,230,318
128,161,293,379,154,256,222,247,180,297,176,330,228,321
127,163,292,383,153,258,221,250,179,301,174,331,228,323
127,165,292,384,153,259,220,251,178,301,173,332,228,324
128,166,292,384,153,260,220,253,177,302,172,332,227,325
129,165,293,384,154,260,222,254,178,303,172,332,227,326
129,165,294,384,155,260,223,254,179,303,173,332,228,326
131,165,294,384,156,259,224,253,180,303,173,331,229,325
132,164,294,381,157,257,224,252,181,302,174,329,229,324
132,162,294,380,157,256,225,251,181,301,173,329,228,324
133,161,294,378,158,254,225,250,181,299,172,327,227,323
135,159,295,377,160,252,227,248,182,297,173,325,229,321
136,159,295,376,161,251,229,248,183,296,175,324,230,321
140,159,297,373,165,249,232,246,187,295,177,322,231,320
142,156,300,370,168,245,235,244,190,290,179,319,235,317
144,153,303,369,170,244,237,243,191,289,180,318,236,316
148,150,306,367,172,242,240,242,193,287,183,315,239,315
153,149,307,365,175,238,242,240,195,284,186,311,241,312
154,147,309,365,177,237,244,239,196,282,187,310,241,311
157,145,311,365,181,234,247,237,198,278,188,307,243,309
161,145,315,366,185,234,251,237,201,275,191,306,246,308
163,145,315,365,187,233,253,236,204,272,193,306,246,308
168,145,318,366,194,230,258,233,210,269,200,305,248,308
174,139,322,367,201,227,266,229,220,263,205,304,254,307
177,137,325,367,204,225,269,227,222,262,208,303,255,306
181,137,329,366,208,222,273,225,226,259,212,301,259,305
186,135,334,365,214,222,280,224,233,255,216,301,263,304
188,136,337,365,216,221,283,223,235,254,219,301,266,304
192,137,343,362,220,221,287,224,240,254,223,301,270,304
193,136,345,358,224,221,294,222,248,254,227,301,274,303
195,135,347,354,226,221,295,222,249,253,229,300,276,302
195,136,348,353,226,222,297,222,251,252,230,299,280,300
194,135,349,354,225,222,297,220,252,252,231,300,282,300
192,135,350,356,225,222,297,220,252,252,232,301,282,300
192,134,350,364,223,221,297,218,252,251,232,303,285,301
190,133,350,367,221,220,296,216,251,250,232,303,286,300
189,131,351,368,220,220,295,216,250,250,232,303,286,300
187,130,350,370,217,220,292,215,247,249,230,303,285,299
183,129,348,371,214,220,290,214,245,248,228,303,283,299
182,128,348,372,213,221,289,214,244,247,227,304,283,299
179,129,347,374,210,222,287,215,241,249,225,305,280,300
176,130,348,378,207,225,284,216,237,252,222,308,279,301
175,130,348,378,206,227,283,217,236,254,221,311,278,303
173,130,348,376,205,230,282,221,235,258,219,313,278,305
170,132,348,376,203,233,282,224,234,261,216,315,280,307
170,130,348,375,202,235,281,225,233,262,216,316,278,308
169,132,349,377,200,237,281,228,232,266,213,318,279,310
169,134,350,383,200,241,281,231,232,271,213,323,281,315
169,135,351,386,201,242,283,232,234,272,215,325,281,317
170,139,353,391,202,245,284,234,235,274,216,329,284,320
172,140,357,395,203,247,285,236,235,278,217,332,286,322
172,138,360,398,204,248,286,237,236,280,219,334,288,324
175,140,363,401,206,252,289,239,239,283,223,338,292,327
175,142,365,403,209,252,292,239,243,286,226,340,293,329
177,143,368,403,211,253,294,239,244,286,229,341,295,329
179,143,371,404,213,254,296,239,246,286,231,343,296,330
181,143,375,404,215,254,297,239,248,287,234,344,298,331
182,142,377,404,216,255,299,240,249,288,236,344,299,331
184,142,381,405,218,255,300,240,250,289,239,345,300,332
185,142,383,405,219,256,301,241,251,290,241,346,301,334
186,143,383,406,220,256,302,241,252,291,241,346,301,334
190,145,383,407,221,257,302,242,252,291,243,348,302,336
191,144,384,411,222,257,302,242,251,292,243,349,302,337
192,143,384,413,222,257,302,242,251,293,244,350,302,339
194,144,383,415,222,259,301,243,250,294,246,352,302,339
194,144,381,415,221,259,300,244,250,294,245,352,302,340
193,144,379,416,221,261,299,246,249,295,243,352,300,340
191,148,376,416,217,263,295,248,245,297,238,353,297,341
189,152,372,413,214,264,291,249,241,299,234,353,294,341
186,152,369,411,213,263,289,249,239,300,231,351,291,340
183,154,366,408,209,263,281,249,231,301,226,349,287,338
180,156,359,407,203,261,275,250,224,301,222,347,281,338
178,156,356,407,200,260,272,250,221,302,217,346,278,339
175,157,349,406,196,259,265,249,215,301,211,345,272,338
171,155,344,404,192,257,260,249,208,299,205,343,264,337
170,154,341,403,191,254,257,247,205,298,204,341,262,335
167,151,336,400,187,250,253,242,198,292,197,338,255,331
167,147,330,396,186,243,250,240,195,286,193,332,248,330
166,145,327,393,185,238,250,238,193,282,190,328,244,328
164,140,323,391,184,230,246,231,189,274,188,324,237,325
163,136,320,387,185,221,245,225,187,263,183,318,230,322
162,131,316,382,186,215,244,222,186,259,182,309,227,316
162,127,315,372,185,210,244,214,185,248,177,302,222,307
160,122,314,359,186,204,243,210,183,241,175,292,219,299
160,118,314,350,185,202,244,207,184,235,173,287,218,293
160,113,315,340,189,194,244,199,184,225,172,276,214,281
161,110,315,335,190,188,246,191,185,217,172,272,214,275
163,108,316,335,191,186,247,189,185,215,173,271,217,274
166,107,317,335,191,182,250,188,189,213,176,268,222,273
167,106,319,336,193,180,251,186,190,212,179,267,224,273
169,107,319,335,194,180,253,186,192,212,180,266,224,272
173,108,321,331,199,180,254,185,193,211,185,265,228,270
176,107,325,330,204,179,256,184,196,207,189,262,230,267
177,106,328,330,207,180,260,184,199,206,190,261,231,266
180,108,330,331,210,179,264,184,205,206,194,261,236,265
184,108,335,330,211,181,268,185,208,207,197,261,242,264
187,109,336,329,212,183,269,185,209,207,198,261,244,264
188,110,338,327,212,185,269,186,209,208,200,262,246,264
189,109,340,320,211,186,270,187,210,210,200,262,248,263
190,109,339,319,211,186,271,187,210,209,201,262,248,263
191,109,341,319,212,188,270,188,209,209,201,263,248,263
191,111,339,321,211,190,269,188,209,211,202,265,248,265
189,111,340,323,210,190,268,188,208,212,202,266,249,265
187,113,336,326,207,191,266,189,207,214,199,267,246,267
183,114,333,328,205,193,263,191,206,218,197,268,243,268
180,115,332,329,203,193,260,192,201,220,193,269,241,270
177,119,328,331,198,196,256,193,196,220,189,274,236,272
172,117,323,333,193,198,252,193,192,221,184,276,231,274
171,115,322,333,192,198,249,195,189,223,183,277,226,275
166,115,317,336,189,198,241,195,183,223,179,278,218,276
160,118,311,337,183,199,236,194,177,223,172,279,211,277
157,121,309,337,178,199,230,196,171,226,171,280,209,278
151,123,303,340,171,200,225,197,165,227,163,281,203,279
147,120,297,341,166,201,219,199,160,229,158,283,197,282
145,122,294,342,165,202,216,200,157,229,157,283,196,283
143,121,295,348,163,205,213,201,156,234,159,289,195,287
141,121,293,353,161,205,213,203,156,238,159,293,196,292
140,120,292,357,159,206,211,203,154,241,159,296,196,295
137,121,292,361,156,207,209,204,151,244,157,299,196,297
135,121,292,366,152,210,206,204,148,247,154,303,196,299
134,122,291,368,151,211,205,205,147,248,153,303,197,299
134,124,291,368,151,213,205,208,146,251,153,303,198,300
133,125,292,368,151,216,205,211,145,253,152,304,197,301
133,125,292,369,150,217,204,212,144,255,152,305,198,302
133,124,294,373,152,219,205,213,145,256,152,306,199,303
133,123,297,377,152,221,205,215,143,259,152,310,200,305
134,124,298,379,152,222,204,215,143,260,155,311,202,306
133,124,302,381,153,222,206,216,144,262,154,312,203,308
134,122,308,383,152,222,207,217,142,262,154,316,202,311
133,125,303,385,153,220,205,217,144,265,158,315,204,313
135,119,308,387,153,219,209,214,144,261,154,316,203,312
135,115,313,391,154,216,212,212,144,258,153,318,200,315
137,114,310,393,156,213,213,210,146,256,154,317,199,315
139,109,316,392,162,210,219,208,150,251,156,316,200,314
145,106,319,392,169,209,222,204,155,249,161,317,201,314
148,107,323,389,172,207,225,204,156,249,164,315,203,313
151,107,325,386,175,209,228,206,160,249,166,314,205,313
152,110,325,385,176,211,230,210,163,253,167,315,207,315
152,113,325,386,176,213,231,212,163,255,167,317,206,317
152,115,327,390,176,214,231,214,162,257,166,320,207,320
149,118,325,396,171,214,229,216,162,263,167,323,210,325
148,120,323,400,170,215,229,217,161,263,167,325,211,327
146,119,325,405,170,218,229,218,160,263,167,327,211,327
145,120,321,407,168,220,227,220,159,266,167,328,211,328
145,121,321,409,167,221,226,220,159,267,167,329,211,329
143,120,321,410,166,221,226,221,158,268,165,329,211,330
141,121,319,411,163,221,223,221,156,270,163,331,210,331
140,121,318,411,163,221,223,221,156,269,162,330,209,331
138,120,317,409,161,220,223,222,154,270,158,329,206,331
137,119,317,405,162,220,222,224,154,270,157,329,200,332
138,118,314,401,162,221,221,224,154,270,157,327,200,330
138,119,316,397,163,222,222,225,155,269,156,326,198,329
140,119,317,395,164,223,222,225,155,270,157,326,198,329
141,121,316,395,164,222,222,225,156,270,158,327,199,329
143,122,316,397,166,222,224,224,158,270,160,327,201,330
146,125,319,400,169,222,227,224,162,269,165,328,207,330
146,126,322,401,168,224,229,224,163,270,167,329,210,330
148,126,324,401,170,223,230,224,164,269,169,329,212,330
150,128,323,399,173,220,231,223,166,270,171,328,213,330
151,126,325,398,172,220,231,223,166,271,172,327,214,329
153,126,327,396,174,219,233,222,169,270,174,325,218,328
156,124,331,395,177,219,236,221,171,271,178,325,221,328
158,122,334,393,177,220,238,222,173,270,178,324,223,326
161,118,338,388,182,220,244,221,179,268,180,323,226,323
163,114,336,381,184,216,246,219,182,266,182,318,228,320
164,114,337,379,185,215,247,218,183,264,183,317,230,318
167,113,338,375,187,213,250,215,186,260,186,312,233,314
172,113,342,373,191,213,252,213,189,260,191,310,238,311
174,113,344,373,192,213,254,213,191,259,194,310,240,310
175,111,344,370,195,211,256,212,195,258,197,308,242,309
176,113,343,368,196,211,257,211,196,256,198,307,243,308
176,114,342,367,196,211,257,211,196,256,199,306,243,307
175,112,340,366,195,211,255,211,196,255,197,305,242,306
175,113,339,365,194,211,255,211,195,255,196,304,241,305
175,112,338,364,195,211,255,211,195,255,197,303,242,304
175,112,339,362,194,211,254,211,194,255,197,302,242,303
174,112,336,361,192,211,252,210,194,255,196,301,243,301
173,113,332,359,190,210,250,210,192,254,193,301,240,301
170,113,330,357,187,209,246,210,188,253,191,299,236,300
166,117,323,356,184,210,241,209,185,252,190,298,233,298
165,117,320,357,183,210,238,209,185,251,190,298,232,298
163,118,318,360,181,212,236,210,183,252,188,300,231,299
161,122,315,364,179,213,232,212,178,254,186,301,228,300
160,124,313,364,179,214,231,212,178,255,184,301,227,301
161,126,313,365,180,217,231,214,177,257,184,303,225,301
164,128,315,364,182,224,234,221,179,260,184,305,226,304
167,130,318,365,184,228,238,224,184,261,187,307,230,305
171,132,324,365,187,229,247,225,192,263,190,308,237,306
177,135,334,367,194,234,256,227,201,267,198,314,249,309
180,137,339,368,199,235,261,231,209,271,205,314,256,311
184,142,345,376,205,241,270,236,219,276,214,320,265,317
188,149,354,384,209,247,277,239,226,285,220,328,276,321
190,153,358,386,211,252,279,242,228,288,223,330,280,322
194,158,365,391,216,258,284,246,234,292,230,338,285,328
194,157,368,397,217,260,287,247,237,296,231,342,290,331
195,156,368,401,218,261,288,247,238,296,232,343,292,332
194,156,368,404,217,261,286,247,238,297,234,344,292,333
193,154,369,404,216,261,285,247,236,298,234,344,292,333
192,154,369,404,214,262,284,247,235,297,233,345,292,333
186,153,369,402,211,262,283,246,232,298,229,345,288,331
183,150,369,399,208,261,280,243,228,296,227,345,287,330
182,149,367,399,206,260,279,242,228,296,225,344,286,329
179,146,367,398,204,258,278,241,226,295,224,343,285,328
179,144,363,396,202,257,275,241,223,295,223,342,282,328
178,144,363,397,201,257,274,241,222,294,221,342,280,329
175,144,360,398,198,257,271,241,219,294,217,342,278,328
172,144,359,398,196,258,268,241,217,294,214,342,275,328
170,144,358,399,194,258,267,241,216,294,213,342,275,327
167,145,356,399,192,260,265,242,214,295,212,343,274,327
166,147,354,399,191,261,263,243,213,298,211,344,273,328
164,148,354,401,189,262,262,244,211,299,210,345,272,329
163,148,354,401,188,263,261,244,210,300,209,345,273,329
162,151,352,403,187,264,260,245,209,301,208,345,273,329
162,151,352,403,187,264,260,245,209,301,207,346,273,329
161,151,352,404,186,265,259,246,208,302,207,346,273,329
161,152,351,404,186,265,259,246,208,302,206,346,273,329
161,152,350,404,186,265,259,246,208,302,206,345,273,329
161,152,352,404,186,265,258,245,207,301,206,346,273,328
161,150,351,402,186,264,259,245,208,300,206,344,272,327
162,150,351,402,187,264,260,244,209,300,207,344,273,327
163,147,352,401,188,262,260,243,209,299,208,343,273,326
164,145,353,400,189,261,261,241,210,297,209,342,274,324
164,145,354,399,189,260,261,240,210,296,209,340,275,323
165,142,356,397,189,258,261,239,211,295,209,338,275,322
166,140,356,395,190,254,262,236,212,293,209,335,277,319
167,137,356,393,191,253,263,235,212,291,209,333,277,318
168,135,356,391,192,250,264,232,214,287,211,329,277,314
170,130,357,386,192,247,264,228,213,283,212,325,279,309
171,129,357,383,193,245,265,225,214,281,213,323,280,306
171,125,359,379,195,240,267,221,216,275,213,320,279,304
172,120,359,377,194,237,266,218,215,273,214,318,279,301
171,119,357,375,195,237,266,218,216,270,213,317,277,301
172,118,357,374,195,236,265,218,214,267,213,316,273,301
171,117,356,374,195,232,265,215,215,266,216,318,272,303
171,116,357,375,195,231,266,213,216,265,217,319,272,304
173,113,356,377,196,225,268,208,217,261,219,317,272,304
176,110,357,373,199,219,272,204,220,251,220,311,273,298
178,108,357,370,200,216,273,201,221,248,222,308,274,296
178,101,357,366,202,210,275,197,224,242,223,302,274,292
179,99,356,360,204,207,276,194,225,237,223,298,274,288
179,99,355,359,204,205,276,193,225,236,222,296,274,287
179,98,354,356,204,202,277,191,225,233,220,293,272,284
178,98,351,351,202,200,277,190,225,229,216,289,269,281
177,98,351,347,202,199,277,189,225,228,214,287,268,280
179,96,350,340,204,197,278,189,225,227,213,282,266,276
180,96,349,336,204,196,279,188,225,225,211,279,265,274
180,96,349,335,204,195,279,188,225,224,211,279,265,274
180,99,348,335,204,195,279,187,225,223,212,278,265,273
180,99,348,338,204,194,279,187,226,222,213,279,266,274
180,100,348,337,205,195,279,187,227,223,214,279,267,274
182,98,349,336,206,195,280,187,228,223,215,279,268,273
183,100,351,336,207,197,282,188,229,224,217,279,271,273
184,99,352,336,208,199,283,189,230,224,217,280,272,274
186,99,354,336,211,198,286,189,234,226,219,281,275,274
188,97,357,336,214,199,289,190,236,227,222,280,279,274
190,97,358,335,215,199,290,190,238,227,222,280,281,274
192,99,359,334,216,200,291,191,238,228,224,280,282,273
193,99,361,334,217,201,291,191,239,228,226,280,284,273
194,100,362,334,217,201,291,191,239,228,227,280,285,273
195,100,364,335,218,201,292,191,240,229,227,281,286,273
196,103,364,338,219,203,291,192,239,229,228,283,286,274
195,105,365,342,218,203,290,192,238,230,229,284,286,275
196,105,364,351,218,203,289,192,237,231,229,287,286,278
195,105,363,353,216,203,286,192,234,231,229,288,285,278
194,105,361,353,215,203,285,191,233,231,228,289,284,279
189,103,357,353,211,202,282,189,229,229,222,287,281,278
183,102,354,353,206,201,277,189,224,227,219,286,276,276
181,102,352,352,203,201,276,188,223,226,216,285,274,276
178,102,347,352,200,201,271,188,219,226,213,285,270,275
174,100,343,350,196,200,268,188,216,225,209,285,264,276
172,100,341,347,194,200,265,188,214,228,208,285,262,276
169,101,339,344,192,201,262,189,211,230,205,286,257,277
167,101,338,343,189,204,259,192,207,234,202,288,254,278
166,104,337,344,190,207,259,194,208,237,203,289,255,279
164,104,337,351,188,211,257,200,206,244,202,294,253,286
165,108,341,357,189,219,258,207,208,253,204,304,254,295
166,111,341,360,189,221,259,209,209,255,206,306,256,297
169,118,345,366,192,227,261,214,210,262,209,314,260,303
170,124,348,372,195,234,265,218,215,266,212,318,266,306
172,126,350,375,196,236,266,221,217,268,214,319,268,307
174,128,353,377,197,238,269,226,218,275,218,320,271,310
176,131,357,381,199,241,271,229,220,279,220,325,272,316
177,132,360,383,201,243,273,230,221,281,221,327,275,317
179,137,363,388,203,246,274,232,223,285,224,330,279,319
179,139,364,392,205,249,277,234,227,288,226,333,285,321
178,140,366,393,204,252,277,236,227,290,226,335,286,322
179,144,367,396,204,256,277,238,226,293,226,339,286,325
178,146,366,401,201,258,274,239,222,295,222,342,285,327
178,146,365,402,200,258,272,240,220,295,221,343,282,328
179,144,361,404,199,255,266,238,213,291,218,342,275,328
177,141,357,403,194,251,259,235,204,287,210,339,268,325
176,138,353,401,192,246,256,232,198,281,207,334,263,323
174,132,348,396,190,237,253,225,193,274,201,329,254,320
